2022/03/04-17:52:25.986876 5c0 RocksDB version: 6.10.0
2022/03/04-17:52:25.986937 5c0 Git sha rocksdb_build_git_sha:@@GIT_SHA@@
2022/03/04-17:52:25.986954 5c0 Compile date Nov 22 2021
2022/03/04-17:52:25.986966 5c0 DB SUMMARY
2022/03/04-17:52:25.987427 5c0 CURRENT file:  CURRENT
2022/03/04-17:52:25.987443 5c0 IDENTITY file:  IDENTITY
2022/03/04-17:52:25.987488 5c0 MANIFEST file:  MANIFEST-000008 size: 373 Bytes
2022/03/04-17:52:25.987502 5c0 SST files in H:\FXServer\db\default dir, Total Num: 2, files: 000004.sst 000007.sst 
2022/03/04-17:52:25.987514 5c0 Write Ahead Log file in H:\FXServer\db\default: 000009.log size: 544 ; 
2022/03/04-17:52:25.987527 5c0                         Options.error_if_exists: 0
2022/03/04-17:52:25.987538 5c0                       Options.create_if_missing: 1
2022/03/04-17:52:25.987776 5c0                         Options.paranoid_checks: 1
2022/03/04-17:52:25.987789 5c0                                     Options.env: 000001F9F43E4430
2022/03/04-17:52:25.987794 5c0                                      Options.fs: Legacy File System
2022/03/04-17:52:25.987799 5c0                                Options.info_log: 000001F9E6CA0130
2022/03/04-17:52:25.987804 5c0                Options.max_file_opening_threads: 16
2022/03/04-17:52:25.987808 5c0                              Options.statistics: 0000000000000000
2022/03/04-17:52:25.987812 5c0                               Options.use_fsync: 0
2022/03/04-17:52:25.987816 5c0                       Options.max_log_file_size: 0
2022/03/04-17:52:25.987820 5c0                  Options.max_manifest_file_size: 1073741824
2022/03/04-17:52:25.987824 5c0                   Options.log_file_time_to_roll: 0
2022/03/04-17:52:25.987828 5c0                       Options.keep_log_file_num: 10
2022/03/04-17:52:25.987832 5c0                    Options.recycle_log_file_num: 0
2022/03/04-17:52:25.987836 5c0                         Options.allow_fallocate: 1
2022/03/04-17:52:25.987841 5c0                        Options.allow_mmap_reads: 0
2022/03/04-17:52:25.987845 5c0                       Options.allow_mmap_writes: 0
2022/03/04-17:52:25.987850 5c0                        Options.use_direct_reads: 0
2022/03/04-17:52:25.987853 5c0                        Options.use_direct_io_for_flush_and_compaction: 0
2022/03/04-17:52:25.987857 5c0          Options.create_missing_column_families: 0
2022/03/04-17:52:25.987861 5c0                              Options.db_log_dir: 
2022/03/04-17:52:25.987865 5c0                                 Options.wal_dir: H:\FXServer\db\default
2022/03/04-17:52:25.987870 5c0                Options.table_cache_numshardbits: 6
2022/03/04-17:52:25.987874 5c0                      Options.max_subcompactions: 1
2022/03/04-17:52:25.987879 5c0                         Options.WAL_ttl_seconds: 0
2022/03/04-17:52:25.987882 5c0                       Options.WAL_size_limit_MB: 0
2022/03/04-17:52:25.987886 5c0                        Options.max_write_batch_group_size_bytes: 1048576
2022/03/04-17:52:25.987890 5c0             Options.manifest_preallocation_size: 4194304
2022/03/04-17:52:25.987894 5c0                     Options.is_fd_close_on_exec: 1
2022/03/04-17:52:25.987898 5c0                   Options.advise_random_on_open: 1
2022/03/04-17:52:25.987903 5c0                    Options.db_write_buffer_size: 0
2022/03/04-17:52:25.987907 5c0                    Options.write_buffer_manager: 000001F9F45BF5A0
2022/03/04-17:52:25.987912 5c0         Options.access_hint_on_compaction_start: 1
2022/03/04-17:52:25.987915 5c0  Options.new_table_reader_for_compaction_inputs: 0
2022/03/04-17:52:25.987919 5c0           Options.random_access_max_buffer_size: 1048576
2022/03/04-17:52:25.987923 5c0                      Options.use_adaptive_mutex: 0
2022/03/04-17:52:25.987927 5c0                            Options.rate_limiter: 0000000000000000
2022/03/04-17:52:25.987931 5c0     Options.sst_file_manager.rate_bytes_per_sec: 0
2022/03/04-17:52:25.987936 5c0                       Options.wal_recovery_mode: 2
2022/03/04-17:52:25.987940 5c0                  Options.enable_thread_tracking: 0
2022/03/04-17:52:25.987945 5c0                  Options.enable_pipelined_write: 0
2022/03/04-17:52:25.987965 5c0                  Options.unordered_write: 0
2022/03/04-17:52:25.987972 5c0         Options.allow_concurrent_memtable_write: 1
2022/03/04-17:52:25.987976 5c0      Options.enable_write_thread_adaptive_yield: 1
2022/03/04-17:52:25.987980 5c0             Options.write_thread_max_yield_usec: 100
2022/03/04-17:52:25.987984 5c0            Options.write_thread_slow_yield_usec: 3
2022/03/04-17:52:25.987989 5c0                               Options.row_cache: None
2022/03/04-17:52:25.987993 5c0                              Options.wal_filter: None
2022/03/04-17:52:25.987998 5c0             Options.avoid_flush_during_recovery: 0
2022/03/04-17:52:25.988002 5c0             Options.allow_ingest_behind: 0
2022/03/04-17:52:25.988006 5c0             Options.preserve_deletes: 0
2022/03/04-17:52:25.988010 5c0             Options.two_write_queues: 0
2022/03/04-17:52:25.988014 5c0             Options.manual_wal_flush: 0
2022/03/04-17:52:25.988017 5c0             Options.atomic_flush: 0
2022/03/04-17:52:25.988022 5c0             Options.avoid_unnecessary_blocking_io: 0
2022/03/04-17:52:25.988027 5c0                 Options.persist_stats_to_disk: 0
2022/03/04-17:52:25.988031 5c0                 Options.write_dbid_to_manifest: 0
2022/03/04-17:52:25.988035 5c0                 Options.log_readahead_size: 0
2022/03/04-17:52:25.988039 5c0                 Options.file_checksum_gen_factory: Unknown
2022/03/04-17:52:25.988043 5c0                 Options.best_efforts_recovery: 0
2022/03/04-17:52:25.988047 5c0             Options.max_background_jobs: 2
2022/03/04-17:52:25.988051 5c0             Options.max_background_compactions: -1
2022/03/04-17:52:25.988055 5c0             Options.avoid_flush_during_shutdown: 0
2022/03/04-17:52:25.988060 5c0           Options.writable_file_max_buffer_size: 1048576
2022/03/04-17:52:25.988065 5c0             Options.delayed_write_rate : 16777216
2022/03/04-17:52:25.988069 5c0             Options.max_total_wal_size: 0
2022/03/04-17:52:25.988073 5c0             Options.delete_obsolete_files_period_micros: 21600000000
2022/03/04-17:52:25.988077 5c0                   Options.stats_dump_period_sec: 600
2022/03/04-17:52:25.988080 5c0                 Options.stats_persist_period_sec: 600
2022/03/04-17:52:25.988084 5c0                 Options.stats_history_buffer_size: 1048576
2022/03/04-17:52:25.988089 5c0                          Options.max_open_files: -1
2022/03/04-17:52:25.988094 5c0                          Options.bytes_per_sync: 0
2022/03/04-17:52:25.988098 5c0                      Options.wal_bytes_per_sync: 0
2022/03/04-17:52:25.988101 5c0                   Options.strict_bytes_per_sync: 0
2022/03/04-17:52:25.988105 5c0       Options.compaction_readahead_size: 0
2022/03/04-17:52:25.988109 5c0                  Options.max_background_flushes: -1
2022/03/04-17:52:25.988113 5c0 Compression algorithms supported:
2022/03/04-17:52:25.988117 5c0 	kZSTD supported: 0
2022/03/04-17:52:25.988122 5c0 	kSnappyCompression supported: 0
2022/03/04-17:52:25.988126 5c0 	kBZip2Compression supported: 0
2022/03/04-17:52:25.988131 5c0 	kZlibCompression supported: 1
2022/03/04-17:52:25.988136 5c0 	kLZ4Compression supported: 1
2022/03/04-17:52:25.988140 5c0 	kXpressCompression supported: 0
2022/03/04-17:52:25.988143 5c0 	kLZ4HCCompression supported: 1
2022/03/04-17:52:25.988147 5c0 	kZSTDNotFinalCompression supported: 0
2022/03/04-17:52:25.988155 5c0 Fast CRC32 supported: Not supported on x86
2022/03/04-17:52:25.988921 5c0 [db\version_set.cc:4515] Recovering from manifest file: H:\FXServer\db\default/MANIFEST-000008
2022/03/04-17:52:25.989034 5c0 [db\column_family.cc:579] --------------- Options for column family [default]:
2022/03/04-17:52:25.989044 5c0               Options.comparator: leveldb.BytewiseComparator
2022/03/04-17:52:25.989050 5c0           Options.merge_operator: None
2022/03/04-17:52:25.989054 5c0        Options.compaction_filter: None
2022/03/04-17:52:25.989058 5c0        Options.compaction_filter_factory: None
2022/03/04-17:52:25.989061 5c0         Options.memtable_factory: SkipListFactory
2022/03/04-17:52:25.989081 5c0            Options.table_factory: BlockBasedTable
2022/03/04-17:52:25.989116 5c0            table_factory options:   flush_block_policy_factory: FlushBlockBySizePolicyFactory (000001F9E6DE3640)
  cache_index_and_filter_blocks: 0
  cache_index_and_filter_blocks_with_high_priority: 1
  pin_l0_filter_and_index_blocks_in_cache: 0
  pin_top_level_index_and_filter: 1
  index_type: 0
  data_block_index_type: 0
  index_shortening: 1
  data_block_hash_table_util_ratio: 0.750000
  hash_index_allow_collision: 1
  checksum: 1
  no_block_cache: 0
  block_cache: 000001F9F44BFC30
  block_cache_name: LRUCache
  block_cache_options:
    capacity : 8388608
    num_shard_bits : 4
    strict_capacity_limit : 0
    memory_allocator : None
    high_pri_pool_ratio: 0.000
  block_cache_compressed: 0000000000000000
  persistent_cache: 0000000000000000
  block_size: 4096
  block_size_deviation: 10
  block_restart_interval: 16
  index_block_restart_interval: 1
  metadata_block_size: 4096
  partition_filters: 0
  use_delta_encoding: 1
  filter_policy: nullptr
  whole_key_filtering: 1
  verify_compression: 0
  read_amp_bytes_per_bit: 0
  format_version: 4
  enable_index_compression: 1
  block_align: 0
2022/03/04-17:52:25.989123 5c0        Options.write_buffer_size: 67108864
2022/03/04-17:52:25.989128 5c0  Options.max_write_buffer_number: 2
2022/03/04-17:52:25.989132 5c0          Options.compression: LZ4
2022/03/04-17:52:25.989136 5c0                  Options.bottommost_compression: Disabled
2022/03/04-17:52:25.989140 5c0       Options.prefix_extractor: nullptr
2022/03/04-17:52:25.989144 5c0   Options.memtable_insert_with_hint_prefix_extractor: nullptr
2022/03/04-17:52:25.989148 5c0             Options.num_levels: 7
2022/03/04-17:52:25.989174 5c0        Options.min_write_buffer_number_to_merge: 1
2022/03/04-17:52:25.989181 5c0     Options.max_write_buffer_number_to_maintain: 0
2022/03/04-17:52:25.989186 5c0     Options.max_write_buffer_size_to_maintain: 0
2022/03/04-17:52:25.989190 5c0            Options.bottommost_compression_opts.window_bits: -14
2022/03/04-17:52:25.989194 5c0                  Options.bottommost_compression_opts.level: 32767
2022/03/04-17:52:25.989198 5c0               Options.bottommost_compression_opts.strategy: 0
2022/03/04-17:52:25.989201 5c0         Options.bottommost_compression_opts.max_dict_bytes: 0
2022/03/04-17:52:25.989206 5c0         Options.bottommost_compression_opts.zstd_max_train_bytes: 0
2022/03/04-17:52:25.989211 5c0         Options.bottommost_compression_opts.parallel_threads: 1
2022/03/04-17:52:25.989215 5c0                  Options.bottommost_compression_opts.enabled: false
2022/03/04-17:52:25.989219 5c0            Options.compression_opts.window_bits: -14
2022/03/04-17:52:25.989223 5c0                  Options.compression_opts.level: 32767
2022/03/04-17:52:25.989227 5c0               Options.compression_opts.strategy: 0
2022/03/04-17:52:25.989230 5c0         Options.compression_opts.max_dict_bytes: 0
2022/03/04-17:52:25.989234 5c0         Options.compression_opts.zstd_max_train_bytes: 0
2022/03/04-17:52:25.989239 5c0         Options.compression_opts.parallel_threads: 1
2022/03/04-17:52:25.989244 5c0                  Options.compression_opts.enabled: false
2022/03/04-17:52:25.989248 5c0      Options.level0_file_num_compaction_trigger: 4
2022/03/04-17:52:25.989253 5c0          Options.level0_slowdown_writes_trigger: 20
2022/03/04-17:52:25.989257 5c0              Options.level0_stop_writes_trigger: 36
2022/03/04-17:52:25.989260 5c0                   Options.target_file_size_base: 67108864
2022/03/04-17:52:25.989264 5c0             Options.target_file_size_multiplier: 1
2022/03/04-17:52:25.989268 5c0                Options.max_bytes_for_level_base: 268435456
2022/03/04-17:52:25.989273 5c0 Options.level_compaction_dynamic_level_bytes: 0
2022/03/04-17:52:25.989278 5c0          Options.max_bytes_for_level_multiplier: 10.000000
2022/03/04-17:52:25.989283 5c0 Options.max_bytes_for_level_multiplier_addtl[0]: 1
2022/03/04-17:52:25.989288 5c0 Options.max_bytes_for_level_multiplier_addtl[1]: 1
2022/03/04-17:52:25.989293 5c0 Options.max_bytes_for_level_multiplier_addtl[2]: 1
2022/03/04-17:52:25.989298 5c0 Options.max_bytes_for_level_multiplier_addtl[3]: 1
2022/03/04-17:52:25.989302 5c0 Options.max_bytes_for_level_multiplier_addtl[4]: 1
2022/03/04-17:52:25.989306 5c0 Options.max_bytes_for_level_multiplier_addtl[5]: 1
2022/03/04-17:52:25.989310 5c0 Options.max_bytes_for_level_multiplier_addtl[6]: 1
2022/03/04-17:52:25.989315 5c0       Options.max_sequential_skip_in_iterations: 8
2022/03/04-17:52:25.989320 5c0                    Options.max_compaction_bytes: 1677721600
2022/03/04-17:52:25.989324 5c0                        Options.arena_block_size: 8388608
2022/03/04-17:52:25.989328 5c0   Options.soft_pending_compaction_bytes_limit: 68719476736
2022/03/04-17:52:25.989332 5c0   Options.hard_pending_compaction_bytes_limit: 274877906944
2022/03/04-17:52:25.989336 5c0       Options.rate_limit_delay_max_milliseconds: 100
2022/03/04-17:52:25.989340 5c0                Options.disable_auto_compactions: 0
2022/03/04-17:52:25.989345 5c0                        Options.compaction_style: kCompactionStyleLevel
2022/03/04-17:52:25.989350 5c0                          Options.compaction_pri: kMinOverlappingRatio
2022/03/04-17:52:25.989355 5c0 Options.compaction_options_universal.size_ratio: 1
2022/03/04-17:52:25.989359 5c0 Options.compaction_options_universal.min_merge_width: 2
2022/03/04-17:52:25.989363 5c0 Options.compaction_options_universal.max_merge_width: 4294967295
2022/03/04-17:52:25.989367 5c0 Options.compaction_options_universal.max_size_amplification_percent: 200
2022/03/04-17:52:25.989371 5c0 Options.compaction_options_universal.compression_size_percent: -1
2022/03/04-17:52:25.989375 5c0 Options.compaction_options_universal.stop_style: kCompactionStopStyleTotalSize
2022/03/04-17:52:25.989379 5c0 Options.compaction_options_fifo.max_table_files_size: 1073741824
2022/03/04-17:52:25.989384 5c0 Options.compaction_options_fifo.allow_compaction: 0
2022/03/04-17:52:25.989389 5c0                   Options.table_properties_collectors: 
2022/03/04-17:52:25.989393 5c0                   Options.inplace_update_support: 0
2022/03/04-17:52:25.989397 5c0                 Options.inplace_update_num_locks: 10000
2022/03/04-17:52:25.989401 5c0               Options.memtable_prefix_bloom_size_ratio: 0.000000
2022/03/04-17:52:25.989405 5c0               Options.memtable_whole_key_filtering: 0
2022/03/04-17:52:25.989409 5c0   Options.memtable_huge_page_size: 0
2022/03/04-17:52:25.989414 5c0                           Options.bloom_locality: 0
2022/03/04-17:52:25.989418 5c0                    Options.max_successive_merges: 0
2022/03/04-17:52:25.989423 5c0                Options.optimize_filters_for_hits: 0
2022/03/04-17:52:25.989427 5c0                Options.paranoid_file_checks: 0
2022/03/04-17:52:25.989431 5c0                Options.force_consistency_checks: 0
2022/03/04-17:52:25.989435 5c0                Options.report_bg_io_stats: 0
2022/03/04-17:52:25.989439 5c0                               Options.ttl: 2592000
2022/03/04-17:52:25.989443 5c0          Options.periodic_compaction_seconds: 0
2022/03/04-17:52:25.991715 5c0 [db\version_set.cc:4672] Recovered from manifest file:H:\FXServer\db\default/MANIFEST-000008 succeeded,manifest_file_number is 8, next_file_number is 10, last_sequence is 17, log_number is 7,prev_log_number is 0,max_column_family is 0,min_log_number_to_keep is 0
2022/03/04-17:52:25.991742 5c0 [db\version_set.cc:4681] Column family [default] (ID 0), log number is 7
2022/03/04-17:52:25.992731 5c0 EVENT_LOG_v1 {"time_micros": 1646412745992724, "job": 1, "event": "recovery_started", "log_files": [9]}
2022/03/04-17:52:25.992751 5c0 [db\db_impl\db_impl_open.cc:774] Recovering log #9 mode 2
2022/03/04-17:52:25.995235 5c0 EVENT_LOG_v1 {"time_micros": 1646412745995205, "cf_name": "default", "job": 1, "event": "table_file_creation", "file_number": 10, "file_size": 1012, "table_properties": {"data_size": 216, "index_size": 75, "index_partitions": 0, "top_level_index_size": 0, "index_key_is_user_key": 1, "index_value_is_delta_encoded": 1, "filter_size": 0, "raw_key_size": 427, "raw_average_key_size": 71, "raw_value_size": 33, "raw_average_value_size": 5, "num_data_blocks": 1, "num_entries": 6, "num_deletions": 0, "num_merge_operands": 0, "num_range_deletions": 0, "format_version": 0, "fixed_key_len": 0, "filter_policy": "", "column_family_name": "default", "column_family_id": 0, "comparator": "leveldb.BytewiseComparator", "merge_operator": "nullptr", "prefix_extractor_name": "nullptr", "property_collectors": "[]", "compression": "LZ4", "compression_options": "window_bits=-14; level=32767; strategy=0; max_dict_bytes=0; zstd_max_train_bytes=0; enabled=0; ", "creation_time": 1646412745, "oldest_key_time": 3, "file_creation_time": 0}}
2022/03/04-17:52:25.995319 5c0 [db\version_set.cc:3920] Creating manifest 11
2022/03/04-17:52:25.998444 5c0 EVENT_LOG_v1 {"time_micros": 1646412745998440, "job": 1, "event": "recovery_finished"}
2022/03/04-17:52:25.999547 5c0 [file\delete_scheduler.cc:73] Deleted file H:\FXServer\db\default/000009.log immediately, rate_bytes_per_sec 0, total_trash_size 0 max_trash_db_ratio 0.250000
2022/03/04-17:52:26.002754 5c0 [db\db_impl\db_impl_open.cc:1576] SstFileManager instance 000001F9F4515A70
2022/03/04-17:52:26.003219 5c0 DB pointer 000001F9F47D1700
2022/03/04-17:52:26.003736 2d10 [db\db_impl\db_impl.cc:854] ------- DUMPING STATS -------
2022/03/04-17:52:26.003758 2d10 [db\db_impl\db_impl.cc:855] 
** DB Stats **
Uptime(secs): 0.0 total, 0.0 interval
Cumulative writes: 0 writes, 0 keys, 0 commit groups, 0.0 writes per commit group, ingest: 0.00 GB, 0.00 MB/s
Cumulative WAL: 0 writes, 0 syncs, 0.00 writes per sync, written: 0.00 GB, 0.00 MB/s
Cumulative stall: 00:00:0.000 H:M:S, 0.0 percent
Interval writes: 0 writes, 0 keys, 0 commit groups, 0.0 writes per commit group, ingest: 0.00 MB, 0.00 MB/s
Interval WAL: 0 writes, 0 syncs, 0.00 writes per sync, written: 0.00 MB, 0.00 MB/s
Interval stall: 00:00:0.000 H:M:S, 0.0 percent

** Compaction Stats [default] **
Level    Files   Size     Score Read(GB)  Rn(GB) Rnp1(GB) Write(GB) Wnew(GB) Moved(GB) W-Amp Rd(MB/s) Wr(MB/s) Comp(sec) CompMergeCPU(sec) Comp(cnt) Avg(sec) KeyIn KeyDrop
----------------------------------------------------------------------------------------------------------------------------------------------------------------------------
  L0      3/0    3.06 KB   0.8      0.0     0.0      0.0       0.0      0.0       0.0   1.0      0.0      0.4      0.00              0.00         1    0.002       0      0
 Sum      3/0    3.06 KB   0.0      0.0     0.0      0.0       0.0      0.0       0.0   1.0      0.0      0.4      0.00              0.00         1    0.002       0      0
 Int      0/0    0.00 KB   0.0      0.0     0.0      0.0       0.0      0.0       0.0   1.0      0.0      0.4      0.00              0.00         1    0.002       0      0

** Compaction Stats [default] **
Priority    Files   Size     Score Read(GB)  Rn(GB) Rnp1(GB) Write(GB) Wnew(GB) Moved(GB) W-Amp Rd(MB/s) Wr(MB/s) Comp(sec) CompMergeCPU(sec) Comp(cnt) Avg(sec) KeyIn KeyDrop
-------------------------------------------------------------------------------------------------------------------------------------------------------------------------------
User      0/0    0.00 KB   0.0      0.0     0.0      0.0       0.0      0.0       0.0   0.0      0.0      0.4      0.00              0.00         1    0.002       0      0
Uptime(secs): 0.0 total, 0.0 interval
Flush(GB): cumulative 0.000, interval 0.000
AddFile(GB): cumulative 0.000, interval 0.000
AddFile(Total Files): cumulative 0, interval 0
AddFile(L0 Files): cumulative 0, interval 0
AddFile(Keys): cumulative 0, interval 0
Cumulative compaction: 0.00 GB write, 0.07 MB/s write, 0.00 GB read, 0.00 MB/s read, 0.0 seconds
Interval compaction: 0.00 GB write, 0.07 MB/s write, 0.00 GB read, 0.00 MB/s read, 0.0 seconds
Stalls(count): 0 level0_slowdown, 0 level0_slowdown_with_compaction, 0 level0_numfiles, 0 level0_numfiles_with_compaction, 0 stop for pending_compaction_bytes, 0 slowdown for pending_compaction_bytes, 0 memtable_compaction, 0 memtable_slowdown, interval 0 total count

** File Read Latency Histogram By Level [default] **

** Compaction Stats [default] **
Level    Files   Size     Score Read(GB)  Rn(GB) Rnp1(GB) Write(GB) Wnew(GB) Moved(GB) W-Amp Rd(MB/s) Wr(MB/s) Comp(sec) CompMergeCPU(sec) Comp(cnt) Avg(sec) KeyIn KeyDrop
----------------------------------------------------------------------------------------------------------------------------------------------------------------------------
  L0      3/0    3.06 KB   0.8      0.0     0.0      0.0       0.0      0.0       0.0   1.0      0.0      0.4      0.00              0.00         1    0.002       0      0
 Sum      3/0    3.06 KB   0.0      0.0     0.0      0.0       0.0      0.0       0.0   1.0      0.0      0.4      0.00              0.00         1    0.002       0      0
 Int      0/0    0.00 KB   0.0      0.0     0.0      0.0       0.0      0.0       0.0   0.0      0.0      0.0      0.00              0.00         0    0.000       0      0

** Compaction Stats [default] **
Priority    Files   Size     Score Read(GB)  Rn(GB) Rnp1(GB) Write(GB) Wnew(GB) Moved(GB) W-Amp Rd(MB/s) Wr(MB/s) Comp(sec) CompMergeCPU(sec) Comp(cnt) Avg(sec) KeyIn KeyDrop
-------------------------------------------------------------------------------------------------------------------------------------------------------------------------------
User      0/0    0.00 KB   0.0      0.0     0.0      0.0       0.0      0.0       0.0   0.0      0.0      0.4      0.00              0.00         1    0.002       0      0
Uptime(secs): 0.0 total, 0.0 interval
Flush(GB): cumulative 0.000, interval 0.000
AddFile(GB): cumulative 0.000, interval 0.000
AddFile(Total Files): cumulative 0, interval 0
AddFile(L0 Files): cumulative 0, interval 0
AddFile(Keys): cumulative 0, interval 0
Cumulative compaction: 0.00 GB write, 0.07 MB/s write, 0.00 GB read, 0.00 MB/s read, 0.0 seconds
Interval compaction: 0.00 GB write, 0.00 MB/s write, 0.00 GB read, 0.00 MB/s read, 0.0 seconds
Stalls(count): 0 level0_slowdown, 0 level0_slowdown_with_compaction, 0 level0_numfiles, 0 level0_numfiles_with_compaction, 0 stop for pending_compaction_bytes, 0 slowdown for pending_compaction_bytes, 0 memtable_compaction, 0 memtable_slowdown, interval 0 total count

** File Read Latency Histogram By Level [default] **
2022/03/04-18:02:26.004699 2d10 [db\db_impl\db_impl.cc:854] ------- DUMPING STATS -------
2022/03/04-18:02:26.004744 2d10 [db\db_impl\db_impl.cc:855] 
** DB Stats **
Uptime(secs): 600.0 total, 600.0 interval
Cumulative writes: 6 writes, 6 keys, 6 commit groups, 0.9 writes per commit group, ingest: 0.00 GB, 0.00 MB/s
Cumulative WAL: 6 writes, 6 syncs, 0.86 writes per sync, written: 0.00 GB, 0.00 MB/s
Cumulative stall: 00:00:0.000 H:M:S, 0.0 percent
Interval writes: 6 writes, 6 keys, 6 commit groups, 0.9 writes per commit group, ingest: 0.00 MB, 0.00 MB/s
Interval WAL: 6 writes, 6 syncs, 0.86 writes per sync, written: 0.00 MB, 0.00 MB/s
Interval stall: 00:00:0.000 H:M:S, 0.0 percent

** Compaction Stats [default] **
Level    Files   Size     Score Read(GB)  Rn(GB) Rnp1(GB) Write(GB) Wnew(GB) Moved(GB) W-Amp Rd(MB/s) Wr(MB/s) Comp(sec) CompMergeCPU(sec) Comp(cnt) Avg(sec) KeyIn KeyDrop
----------------------------------------------------------------------------------------------------------------------------------------------------------------------------
  L0      3/0    3.06 KB   0.8      0.0     0.0      0.0       0.0      0.0       0.0   1.0      0.0      0.4      0.00              0.00         1    0.002       0      0
 Sum      3/0    3.06 KB   0.0      0.0     0.0      0.0       0.0      0.0       0.0   1.0      0.0      0.4      0.00              0.00         1    0.002       0      0
 Int      0/0    0.00 KB   0.0      0.0     0.0      0.0       0.0      0.0       0.0   0.0      0.0      0.0      0.00              0.00         0    0.000       0      0

** Compaction Stats [default] **
Priority    Files   Size     Score Read(GB)  Rn(GB) Rnp1(GB) Write(GB) Wnew(GB) Moved(GB) W-Amp Rd(MB/s) Wr(MB/s) Comp(sec) CompMergeCPU(sec) Comp(cnt) Avg(sec) KeyIn KeyDrop
-------------------------------------------------------------------------------------------------------------------------------------------------------------------------------
User      0/0    0.00 KB   0.0      0.0     0.0      0.0       0.0      0.0       0.0   0.0      0.0      0.4      0.00              0.00         1    0.002       0      0
Uptime(secs): 600.0 total, 600.0 interval
Flush(GB): cumulative 0.000, interval 0.000
AddFile(GB): cumulative 0.000, interval 0.000
AddFile(Total Files): cumulative 0, interval 0
AddFile(L0 Files): cumulative 0, interval 0
AddFile(Keys): cumulative 0, interval 0
Cumulative compaction: 0.00 GB write, 0.00 MB/s write, 0.00 GB read, 0.00 MB/s read, 0.0 seconds
Interval compaction: 0.00 GB write, 0.00 MB/s write, 0.00 GB read, 0.00 MB/s read, 0.0 seconds
Stalls(count): 0 level0_slowdown, 0 level0_slowdown_with_compaction, 0 level0_numfiles, 0 level0_numfiles_with_compaction, 0 stop for pending_compaction_bytes, 0 slowdown for pending_compaction_bytes, 0 memtable_compaction, 0 memtable_slowdown, interval 0 total count

** File Read Latency Histogram By Level [default] **

** Compaction Stats [default] **
Level    Files   Size     Score Read(GB)  Rn(GB) Rnp1(GB) Write(GB) Wnew(GB) Moved(GB) W-Amp Rd(MB/s) Wr(MB/s) Comp(sec) CompMergeCPU(sec) Comp(cnt) Avg(sec) KeyIn KeyDrop
----------------------------------------------------------------------------------------------------------------------------------------------------------------------------
  L0      3/0    3.06 KB   0.8      0.0     0.0      0.0       0.0      0.0       0.0   1.0      0.0      0.4      0.00              0.00         1    0.002       0      0
 Sum      3/0    3.06 KB   0.0      0.0     0.0      0.0       0.0      0.0       0.0   1.0      0.0      0.4      0.00              0.00         1    0.002       0      0
 Int      0/0    0.00 KB   0.0      0.0     0.0      0.0       0.0      0.0       0.0   0.0      0.0      0.0      0.00              0.00         0    0.000       0      0

** Compaction Stats [default] **
Priority    Files   Size     Score Read(GB)  Rn(GB) Rnp1(GB) Write(GB) Wnew(GB) Moved(GB) W-Amp Rd(MB/s) Wr(MB/s) Comp(sec) CompMergeCPU(sec) Comp(cnt) Avg(sec) KeyIn KeyDrop
-------------------------------------------------------------------------------------------------------------------------------------------------------------------------------
User      0/0    0.00 KB   0.0      0.0     0.0      0.0       0.0      0.0       0.0   0.0      0.0      0.4      0.00              0.00         1    0.002       0      0
Uptime(secs): 600.0 total, 0.0 interval
Flush(GB): cumulative 0.000, interval 0.000
AddFile(GB): cumulative 0.000, interval 0.000
AddFile(Total Files): cumulative 0, interval 0
AddFile(L0 Files): cumulative 0, interval 0
AddFile(Keys): cumulative 0, interval 0
Cumulative compaction: 0.00 GB write, 0.00 MB/s write, 0.00 GB read, 0.00 MB/s read, 0.0 seconds
Interval compaction: 0.00 GB write, 0.00 MB/s write, 0.00 GB read, 0.00 MB/s read, 0.0 seconds
Stalls(count): 0 level0_slowdown, 0 level0_slowdown_with_compaction, 0 level0_numfiles, 0 level0_numfiles_with_compaction, 0 stop for pending_compaction_bytes, 0 slowdown for pending_compaction_bytes, 0 memtable_compaction, 0 memtable_slowdown, interval 0 total count

** File Read Latency Histogram By Level [default] **
2022/03/04-18:12:26.005022 2d10 [db\db_impl\db_impl.cc:854] ------- DUMPING STATS -------
2022/03/04-18:12:26.005134 2d10 [db\db_impl\db_impl.cc:855] 
** DB Stats **
Uptime(secs): 1200.0 total, 600.0 interval
Cumulative writes: 6 writes, 6 keys, 6 commit groups, 0.9 writes per commit group, ingest: 0.00 GB, 0.00 MB/s
Cumulative WAL: 6 writes, 6 syncs, 0.86 writes per sync, written: 0.00 GB, 0.00 MB/s
Cumulative stall: 00:00:0.000 H:M:S, 0.0 percent
Interval writes: 0 writes, 0 keys, 0 commit groups, 0.0 writes per commit group, ingest: 0.00 MB, 0.00 MB/s
Interval WAL: 0 writes, 0 syncs, 0.00 writes per sync, written: 0.00 MB, 0.00 MB/s
Interval stall: 00:00:0.000 H:M:S, 0.0 percent

** Compaction Stats [default] **
Level    Files   Size     Score Read(GB)  Rn(GB) Rnp1(GB) Write(GB) Wnew(GB) Moved(GB) W-Amp Rd(MB/s) Wr(MB/s) Comp(sec) CompMergeCPU(sec) Comp(cnt) Avg(sec) KeyIn KeyDrop
----------------------------------------------------------------------------------------------------------------------------------------------------------------------------
  L0      3/0    3.06 KB   0.8      0.0     0.0      0.0       0.0      0.0       0.0   1.0      0.0      0.4      0.00              0.00         1    0.002       0      0
 Sum      3/0    3.06 KB   0.0      0.0     0.0      0.0       0.0      0.0       0.0   1.0      0.0      0.4      0.00              0.00         1    0.002       0      0
 Int      0/0    0.00 KB   0.0      0.0     0.0      0.0       0.0      0.0       0.0   0.0      0.0      0.0      0.00              0.00         0    0.000       0      0

** Compaction Stats [default] **
Priority    Files   Size     Score Read(GB)  Rn(GB) Rnp1(GB) Write(GB) Wnew(GB) Moved(GB) W-Amp Rd(MB/s) Wr(MB/s) Comp(sec) CompMergeCPU(sec) Comp(cnt) Avg(sec) KeyIn KeyDrop
-------------------------------------------------------------------------------------------------------------------------------------------------------------------------------
User      0/0    0.00 KB   0.0      0.0     0.0      0.0       0.0      0.0       0.0   0.0      0.0      0.4      0.00              0.00         1    0.002       0      0
Uptime(secs): 1200.0 total, 600.0 interval
Flush(GB): cumulative 0.000, interval 0.000
AddFile(GB): cumulative 0.000, interval 0.000
AddFile(Total Files): cumulative 0, interval 0
AddFile(L0 Files): cumulative 0, interval 0
AddFile(Keys): cumulative 0, interval 0
Cumulative compaction: 0.00 GB write, 0.00 MB/s write, 0.00 GB read, 0.00 MB/s read, 0.0 seconds
Interval compaction: 0.00 GB write, 0.00 MB/s write, 0.00 GB read, 0.00 MB/s read, 0.0 seconds
Stalls(count): 0 level0_slowdown, 0 level0_slowdown_with_compaction, 0 level0_numfiles, 0 level0_numfiles_with_compaction, 0 stop for pending_compaction_bytes, 0 slowdown for pending_compaction_bytes, 0 memtable_compaction, 0 memtable_slowdown, interval 0 total count

** File Read Latency Histogram By Level [default] **

** Compaction Stats [default] **
Level    Files   Size     Score Read(GB)  Rn(GB) Rnp1(GB) Write(GB) Wnew(GB) Moved(GB) W-Amp Rd(MB/s) Wr(MB/s) Comp(sec) CompMergeCPU(sec) Comp(cnt) Avg(sec) KeyIn KeyDrop
----------------------------------------------------------------------------------------------------------------------------------------------------------------------------
  L0      3/0    3.06 KB   0.8      0.0     0.0      0.0       0.0      0.0       0.0   1.0      0.0      0.4      0.00              0.00         1    0.002       0      0
 Sum      3/0    3.06 KB   0.0      0.0     0.0      0.0       0.0      0.0       0.0   1.0      0.0      0.4      0.00              0.00         1    0.002       0      0
 Int      0/0    0.00 KB   0.0      0.0     0.0      0.0       0.0      0.0       0.0   0.0      0.0      0.0      0.00              0.00         0    0.000       0      0

** Compaction Stats [default] **
Priority    Files   Size     Score Read(GB)  Rn(GB) Rnp1(GB) Write(GB) Wnew(GB) Moved(GB) W-Amp Rd(MB/s) Wr(MB/s) Comp(sec) CompMergeCPU(sec) Comp(cnt) Avg(sec) KeyIn KeyDrop
-------------------------------------------------------------------------------------------------------------------------------------------------------------------------------
User      0/0    0.00 KB   0.0      0.0     0.0      0.0       0.0      0.0       0.0   0.0      0.0      0.4      0.00              0.00         1    0.002       0      0
Uptime(secs): 1200.0 total, 0.0 interval
Flush(GB): cumulative 0.000, interval 0.000
AddFile(GB): cumulative 0.000, interval 0.000
AddFile(Total Files): cumulative 0, interval 0
AddFile(L0 Files): cumulative 0, interval 0
AddFile(Keys): cumulative 0, interval 0
Cumulative compaction: 0.00 GB write, 0.00 MB/s write, 0.00 GB read, 0.00 MB/s read, 0.0 seconds
Interval compaction: 0.00 GB write, 0.00 MB/s write, 0.00 GB read, 0.00 MB/s read, 0.0 seconds
Stalls(count): 0 level0_slowdown, 0 level0_slowdown_with_compaction, 0 level0_numfiles, 0 level0_numfiles_with_compaction, 0 stop for pending_compaction_bytes, 0 slowdown for pending_compaction_bytes, 0 memtable_compaction, 0 memtable_slowdown, interval 0 total count

** File Read Latency Histogram By Level [default] **
2022/03/04-18:22:26.005599 2d10 [db\db_impl\db_impl.cc:854] ------- DUMPING STATS -------
2022/03/04-18:22:26.005816 2d10 [db\db_impl\db_impl.cc:855] 
** DB Stats **
Uptime(secs): 1800.0 total, 600.0 interval
Cumulative writes: 6 writes, 6 keys, 6 commit groups, 0.9 writes per commit group, ingest: 0.00 GB, 0.00 MB/s
Cumulative WAL: 6 writes, 6 syncs, 0.86 writes per sync, written: 0.00 GB, 0.00 MB/s
Cumulative stall: 00:00:0.000 H:M:S, 0.0 percent
Interval writes: 0 writes, 0 keys, 0 commit groups, 0.0 writes per commit group, ingest: 0.00 MB, 0.00 MB/s
Interval WAL: 0 writes, 0 syncs, 0.00 writes per sync, written: 0.00 MB, 0.00 MB/s
Interval stall: 00:00:0.000 H:M:S, 0.0 percent

** Compaction Stats [default] **
Level    Files   Size     Score Read(GB)  Rn(GB) Rnp1(GB) Write(GB) Wnew(GB) Moved(GB) W-Amp Rd(MB/s) Wr(MB/s) Comp(sec) CompMergeCPU(sec) Comp(cnt) Avg(sec) KeyIn KeyDrop
----------------------------------------------------------------------------------------------------------------------------------------------------------------------------
  L0      3/0    3.06 KB   0.8      0.0     0.0      0.0       0.0      0.0       0.0   1.0      0.0      0.4      0.00              0.00         1    0.002       0      0
 Sum      3/0    3.06 KB   0.0      0.0     0.0      0.0       0.0      0.0       0.0   1.0      0.0      0.4      0.00              0.00         1    0.002       0      0
 Int      0/0    0.00 KB   0.0      0.0     0.0      0.0       0.0      0.0       0.0   0.0      0.0      0.0      0.00              0.00         0    0.000       0      0

** Compaction Stats [default] **
Priority    Files   Size     Score Read(GB)  Rn(GB) Rnp1(GB) Write(GB) Wnew(GB) Moved(GB) W-Amp Rd(MB/s) Wr(MB/s) Comp(sec) CompMergeCPU(sec) Comp(cnt) Avg(sec) KeyIn KeyDrop
-------------------------------------------------------------------------------------------------------------------------------------------------------------------------------
User      0/0    0.00 KB   0.0      0.0     0.0      0.0       0.0      0.0       0.0   0.0      0.0      0.4      0.00              0.00         1    0.002       0      0
Uptime(secs): 1800.0 total, 600.0 interval
Flush(GB): cumulative 0.000, interval 0.000
AddFile(GB): cumulative 0.000, interval 0.000
AddFile(Total Files): cumulative 0, interval 0
AddFile(L0 Files): cumulative 0, interval 0
AddFile(Keys): cumulative 0, interval 0
Cumulative compaction: 0.00 GB write, 0.00 MB/s write, 0.00 GB read, 0.00 MB/s read, 0.0 seconds
Interval compaction: 0.00 GB write, 0.00 MB/s write, 0.00 GB read, 0.00 MB/s read, 0.0 seconds
Stalls(count): 0 level0_slowdown, 0 level0_slowdown_with_compaction, 0 level0_numfiles, 0 level0_numfiles_with_compaction, 0 stop for pending_compaction_bytes, 0 slowdown for pending_compaction_bytes, 0 memtable_compaction, 0 memtable_slowdown, interval 0 total count

** File Read Latency Histogram By Level [default] **

** Compaction Stats [default] **
Level    Files   Size     Score Read(GB)  Rn(GB) Rnp1(GB) Write(GB) Wnew(GB) Moved(GB) W-Amp Rd(MB/s) Wr(MB/s) Comp(sec) CompMergeCPU(sec) Comp(cnt) Avg(sec) KeyIn KeyDrop
----------------------------------------------------------------------------------------------------------------------------------------------------------------------------
  L0      3/0    3.06 KB   0.8      0.0     0.0      0.0       0.0      0.0       0.0   1.0      0.0      0.4      0.00              0.00         1    0.002       0      0
 Sum      3/0    3.06 KB   0.0      0.0     0.0      0.0       0.0      0.0       0.0   1.0      0.0      0.4      0.00              0.00         1    0.002       0      0
 Int      0/0    0.00 KB   0.0      0.0     0.0      0.0       0.0      0.0       0.0   0.0      0.0      0.0      0.00              0.00         0    0.000       0      0

** Compaction Stats [default] **
Priority    Files   Size     Score Read(GB)  Rn(GB) Rnp1(GB) Write(GB) Wnew(GB) Moved(GB) W-Amp Rd(MB/s) Wr(MB/s) Comp(sec) CompMergeCPU(sec) Comp(cnt) Avg(sec) KeyIn KeyDrop
-------------------------------------------------------------------------------------------------------------------------------------------------------------------------------
User      0/0    0.00 KB   0.0      0.0     0.0      0.0       0.0      0.0       0.0   0.0      0.0      0.4      0.00              0.00         1    0.002       0      0
Uptime(secs): 1800.0 total, 0.0 interval
Flush(GB): cumulative 0.000, interval 0.000
AddFile(GB): cumulative 0.000, interval 0.000
AddFile(Total Files): cumulative 0, interval 0
AddFile(L0 Files): cumulative 0, interval 0
AddFile(Keys): cumulative 0, interval 0
Cumulative compaction: 0.00 GB write, 0.00 MB/s write, 0.00 GB read, 0.00 MB/s read, 0.0 seconds
Interval compaction: 0.00 GB write, 0.00 MB/s write, 0.00 GB read, 0.00 MB/s read, 0.0 seconds
Stalls(count): 0 level0_slowdown, 0 level0_slowdown_with_compaction, 0 level0_numfiles, 0 level0_numfiles_with_compaction, 0 stop for pending_compaction_bytes, 0 slowdown for pending_compaction_bytes, 0 memtable_compaction, 0 memtable_slowdown, interval 0 total count

** File Read Latency Histogram By Level [default] **
2022/03/04-18:32:26.006476 2d10 [db\db_impl\db_impl.cc:854] ------- DUMPING STATS -------
2022/03/04-18:32:26.006717 2d10 [db\db_impl\db_impl.cc:855] 
** DB Stats **
Uptime(secs): 2400.0 total, 600.0 interval
Cumulative writes: 6 writes, 6 keys, 6 commit groups, 0.9 writes per commit group, ingest: 0.00 GB, 0.00 MB/s
Cumulative WAL: 6 writes, 6 syncs, 0.86 writes per sync, written: 0.00 GB, 0.00 MB/s
Cumulative stall: 00:00:0.000 H:M:S, 0.0 percent
Interval writes: 0 writes, 0 keys, 0 commit groups, 0.0 writes per commit group, ingest: 0.00 MB, 0.00 MB/s
Interval WAL: 0 writes, 0 syncs, 0.00 writes per sync, written: 0.00 MB, 0.00 MB/s
Interval stall: 00:00:0.000 H:M:S, 0.0 percent

** Compaction Stats [default] **
Level    Files   Size     Score Read(GB)  Rn(GB) Rnp1(GB) Write(GB) Wnew(GB) Moved(GB) W-Amp Rd(MB/s) Wr(MB/s) Comp(sec) CompMergeCPU(sec) Comp(cnt) Avg(sec) KeyIn KeyDrop
----------------------------------------------------------------------------------------------------------------------------------------------------------------------------
  L0      3/0    3.06 KB   0.8      0.0     0.0      0.0       0.0      0.0       0.0   1.0      0.0      0.4      0.00              0.00         1    0.002       0      0
 Sum      3/0    3.06 KB   0.0      0.0     0.0      0.0       0.0      0.0       0.0   1.0      0.0      0.4      0.00              0.00         1    0.002       0      0
 Int      0/0    0.00 KB   0.0      0.0     0.0      0.0       0.0      0.0       0.0   0.0      0.0      0.0      0.00              0.00         0    0.000       0      0

** Compaction Stats [default] **
